# oST version 5.0 parameters


[image]

width
640

height
480

[narrow_stereo]

camera matrix
522.746985 0.000000 311.578317
0.000000 522.552563 261.956194
0.000000 0.000000 1.000000

distortion
0.181944 -0.272220 -0.000808 -0.004765 0.000000

rectification
1.000000 0.000000 0.000000
0.000000 1.000000 0.000000
0.000000 0.000000 1.000000

projection
537.433301 0.000000 308.322928 0.000000
0.000000 539.047014 261.278495 0.000000
0.000000 0.000000 1.000000 0.000000

